Last login: Fri Feb  2 13:32:44 2024 from 61.242.130.57

Welcome to Alibaba Cloud Elastic Compute Service !

[root@iz2ze0omh08a5u2s3tvsfjz ~]# cd /usr/local/jars/paperlayout/logs/
[root@iz2ze0omh08a5u2s3tvsfjz logs]# tail -f info.log 
        at org.apache.coyote.AbstractProtocol$ConnectionHandler.process(AbstractProtocol.java:834)
        at org.apache.tomcat.util.net.NioEndpoint$SocketProcessor.doRun(NioEndpoint.java:1415)
        at org.apache.tomcat.util.net.SocketProcessorBase.run(SocketProcessorBase.java:49)
        at java.util.concurrent.ThreadPoolExecutor.runWorker(ThreadPoolExecutor.java:1149)
        at java.util.concurrent.ThreadPoolExecutor$Worker.run(ThreadPoolExecutor.java:624)
        at org.apache.tomcat.util.threads.TaskThread$WrappingRunnable.run(TaskThread.java:61)
        at java.lang.Thread.run(Thread.java:748)
2024-02-02 12:12:17.364 [http-nio-8090-exec-6] INFO  com.canpoint.common.filter.XssFilter - [api request-id:1135647984 start]
2024-02-02 12:12:17.375 [http-nio-8090-exec-6] INFO  c.c.p.modules.biz.controller.PrizeDrawController - >>>>全品抽奖|数据初始化<<<< [60001, 60002, 60003, 60004, 60005, 60006, 60007, 60008, 60009, 60010, 60011, 60012, 60013, 60014, 60015, 60016, 60017, 60018, 60020, 60022, 60023, 60024, 60025, 60026, 60027, 60028, 60029, 60030, 60031, 60033, 60034, 60035, 60036, 60037, 60038, 60039, 60040, 60041, 60042, 60043, 60044, 60045, 60046, 60047, 60048, 60049, 60050, 60051, 60052, 60053, 60054, 60056, 60057, 60058, 60059, 60060, 60061, 60062, 60063, 60064, 60065, 60066, 60067, 60068, 60069, 60070, 60071, 60073, 60074, 60075, 60076, 60078, 60079, 60080, 60081, 60082, 60083, 60084, 60085, 60086, 60087, 60088, 60089, 60090, 60091, 60092, 60093, 60094, 60095, 60096, 60097, 60098, 60099, 60100, 60101, 60102, 60103, 60104, 60105, 60106, 60107, 60108, 60109, 60110, 60111, 60112, 60113, 60114, 60115, 60116, 60117, 60118, 60119, 60121, 60122, 60123, 60124, 60125, 60126, 60127, 60128, 60129, 60130, 60131, 60132, 60133, 60134, 60135, 60136, 60137, 60138, 60140, 60142, 60143, 60144, 60145, 60201, 60202, 60205, 60207, 60208, 60209, 60210, 60211, 60212, 60213, 60214, 60215, 60216, 60217, 60218, 60219, 60220, 60221, 60222, 60223, 60224, 60225, 60226, 60227, 60228, 60229, 60231, 60232, 60233, 60234, 60235, 60236, 60237, 60238, 60239, 60240, 60241, 60242, 60243, 60244, 60245, 60246, 60247, 60248, 60249, 60250, 60251, 60252, 60253, 60254, 60255, 60256, 60257, 60258, 60259, 60260, 60261, 60262, 60263, 60264, 60265, 60266, 60267, 60268, 60269, 60270, 60271, 60272, 60273, 60274, 60275, 60276, 60277, 60278, 60279, 60280, 60281, 60282, 60283, 60284, 60285, 60286, 60287, 60288, 60289, 60290, 60291, 60292, 60293, 60294, 60295, 60296, 60297, 60298, 60299, 60300, 60301, 60302, 60303, 60304, 60305, 60306, 60307, 60308, 60309, 60310, 60311, 60312, 60313, 60314, 60315, 60316, 60317, 60318, 60319, 60320, 60322, 60323, 60324, 60325, 60326, 60327, 60328, 60330, 60331, 60332, 60333, 60334, 60335, 60337, 60338, 60339, 60340, 60341, 60342, 60343, 60344, 60346, 60347, 60348, 60349, 60350, 60351, 60352, 60354, 60355, 60357, 60358, 60359, 60360, 60361, 60362, 60363, 60364, 60365, 60366, 60367, 60368, 60369, 60370, 60372, 60401, 60402, 60403, 60404, 60405, 60406, 60407, 60408, 60409, 60410, 60411, 60412, 60413, 60414, 60415, 60416, 60417, 60418, 60419, 60420, 60421, 60422, 60423, 60424, 60425, 60426, 60427, 60428, 60429, 60430, 60431, 60432, 60433, 60434, 60435, 60436, 60437, 60438, 60439, 60440, 60441, 60442, 60443, 60444, 60445, 60446, 60447, 60448, 60449, 60450, 60451, 60452, 60453, 60454, 60455, 60456, 60457, 60458, 60459, 60460, 60461, 60462, 60463, 60464, 60465, 60466, 60467, 60468, 60469, 60470, 60471, 60472, 60473, 60474, 60475, 60476, 60477, 60478, 60479, 60480, 60481, 60482, 60483, 60484, 60485, 60486, 60487, 60488, 60489, 60490, 60491, 60492, 60493, 60494, 60495, 60496, 60497, 60498, 60499, 60500, 60501, 60502, 60503, 60504, 60505, 60506, 60507, 60508, 60509, 60510, 60511, 60512, 60513, 60514, 60515, 60516, 60517, 60518, 60519, 60520, 60521, 60522, 60523, 60524, 60525, 60526, 60527, 60528, 60529, 60530, 60531, 60532, 60533, 60534, 60535, 60536, 60537, 60538, 60539, 60540, 60541, 60542, 60543, 60544, 60545, 60546, 60547, 60548, 60549, 60550, 60551, 60552, 60553, 60554, 60555, 60556, 60557, 60558, 60559, 60560, 60561, 60562, 60563, 60564, 60565, 60566, 60567, 60568, 60569, 60570, 60571, 60572, 60573, 60574, 60575, 60576, 60578, 60579, 60580, 60581, 60582, 60583, 60584, 60585, 60586, 60587, 60588, 60589, 60590, 60591, 60592, 60593, 60595, 60596, 60597, 60598, 60600, 60601, 60602, 60603, 60604, 60605, 60606, 60607, 60608, 60609, 60610, 60611, 60612, 60613, 60614, 60615, 60616, 60617, 60618, 60619, 60620, 60621, 60622, 60623, 60624, 60625, 60626, 60627, 60628, 60629, 60630, 60631, 60632, 60633, 60634, 60635, 60636, 60637, 60638, 60639, 60640, 60641, 60642, 60643, 60644, 60645, 60646, 60647, 60648, 60649, 60650, 60651, 60652, 60653, 60654, 60655, 60656, 60657, 60658, 60659, 60660, 60661, 60662, 60663, 60664, 60665, 60666, 60667, 60668, 60669, 60670, 60671, 60672, 60673, 60674, 60675, 60676, 60677, 60678, 60679, 60680, 60681, 60682, 60683, 60684, 60685, 60686, 60687, 60688, 60689, 60690, 60691, 60692, 60693, 60694, 60695, 60696, 60697, 60699, 60700, 60701, 60702, 60703, 60704, 60705, 60706, 60707, 60708, 60709, 60710, 60711, 60712, 60714, 60715, 60717, 60718, 60719, 60720, 60721, 60722, 60723, 60724, 60725, 60726, 60727, 60728, 60729, 60730, 80001, 80002, 80003, 80004, 80005, 80006, 80008, 80009, 80010, 80011, 80012, 80013, 80015, 80016, 80017, 80018, 80020, 80021, 80022, 80023, 80024, 80025, 80027, 80028, 80029, 80030, 80033, 80034, 80035, 80036, 80037, 80038, 80039, 80040, 80041, 80042, 80043, 80044, 80045, 80046, 80047, 80048, 80049, 80050, 80051, 80052, 80053, 80054, 80055, 80056, 80057, 80058, 80059, 80060, 80061, 80062, 80063, 80064, 80065, 80066, 80067, 80068, 80069, 80070, 80071, 80072, 80073, 80074, 80075, 80076, 80077, 80079, 80080, 80081, 80082, 80084, 80085, 80086, 80088, 80090, 80091, 80092, 80094, 80095, 80096, 80097, 80098, 80099, 80100, 80101, 80102, 80103, 80104, 80105, 80106, 80107, 80108, 80109, 80110, 80111, 80112, 80114, 80115, 80116, 80117, 80118, 80119, 80120, 80121, 80122, 80123, 80124, 80125, 80127, 80128, 80129, 80131, 80132, 80133, 80134, 80135, 80136, 80137, 80138, 80139, 80141, 80142, 80143, 80145, 80146, 80147, 80148, 80151, 80152, 80153, 80154, 80155, 80156, 80157, 80158, 80159, 80160, 80161, 80162, 80163, 80164, 80165, 80166, 80167, 80168, 80169, 80170, 80171, 80172, 80173, 80174, 80175, 80176, 80177, 80178, 80179, 80180, 80181, 80182, 80183, 80184, 80185, 80186, 80187, 80188, 80189, 80190, 80191, 80192, 80193, 80195, 80196, 80197, 80198, 80199, 80200, 80201, 80202, 80203, 80204, 80205, 80206, 80207, 80208, 80209, 80210, 80211, 80212, 80213, 80214, 80215, 80216, 80217, 80218, 80219, 80220, 80221, 80222, 80223, 80224, 80226, 80227, 80228, 80229, 80230, 80232, 80233, 80234, 80235, 80236, 80237, 80238, 80239, 80240, 80241, 80242, 80243, 80244, 80245, 80246, 80247, 80248, 80250, 80251, 80252, 80253, 80254, 80255, 80256, 80257, 80258, 80259, 80260, 80261, 80262, 80263, 80264, 80265, 80266, 80267, 80268, 80269, 80270, 80271, 80272, 80276, 80277, 80279, 80280, 80281, 80282, 80283, 80284, 80285, 80286, 80287, 80288, 80289, 80290, 80291, 80292, 80293, 80295, 80296, 80297, 80298, 80300, 80301, 80302, 80303, 80304, 80305, 80306, 80307, 80308, 80309, 80310, 80311, 80312, 80313, 80314, 80315, 80316, 80317, 80318, 80319, 80320, 80321, 80322, 80323, 80324, 80325, 80326, 80327, 80328, 80329, 80330, 80331, 80332, 80333, 80338, 80339, 80340, 80341, 80342, 80343, 80344, 80345, 80346, 80347, 80348, 80350, 80351, 80352, 80353]
2024-02-02 12:12:17.383 [http-nio-8090-exec-6] INFO  com.canpoint.common.filter.XssFilter - [api request-id:1135647984 end]>>>>>>> request-ip: 171.43.215.200, request-uri: /paperLayoutTask/prizeDraw/init, request-param:{"secret":["canpoint-good-luck"]}, 耗时：21ms










2024-02-02 13:53:05.686 [http-nio-8090-exec-23] INFO  com.canpoint.common.filter.XssFilter - [api request-id:671777835 start]
2024-02-02 13:53:05.688 [http-nio-8090-exec-23] INFO  c.c.p.modules.biz.controller.PrizeDrawController - >>>>全品抽奖|数据初始化<<<< [60001, 60002, 60003, 60004, 60005, 60006, 60007, 60008, 60009, 60010, 60011, 60012, 60013, 60014, 60015, 60016, 60017, 60018, 60020, 60022, 60023, 60024, 60025, 60026, 60027, 60028, 60029, 60030, 60031, 60033, 60034, 60035, 60036, 60037, 60038, 60039, 60040, 60041, 60042, 60043, 60044, 60045, 60046, 60047, 60048, 60049, 60050, 60051, 60052, 60053, 60054, 60056, 60057, 60058, 60059, 60060, 60061, 60062, 60063, 60064, 60065, 60066, 60067, 60068, 60069, 60070, 60071, 60073, 60074, 60075, 60076, 60078, 60079, 60080, 60081, 60082, 60083, 60084, 60085, 60086, 60087, 60088, 60089, 60090, 60091, 60092, 60093, 60094, 60095, 60096, 60097, 60098, 60099, 60100, 60101, 60102, 60103, 60104, 60105, 60106, 60107, 60108, 60109, 60110, 60111, 60112, 60113, 60114, 60115, 60116, 60117, 60118, 60119, 60121, 60122, 60123, 60124, 60125, 60126, 60127, 60128, 60129, 60130, 60131, 60132, 60133, 60134, 60135, 60136, 60137, 60138, 60140, 60142, 60143, 60144, 60145, 60201, 60202, 60205, 60207, 60208, 60209, 60210, 60211, 60212, 60213, 60214, 60215, 60216, 60217, 60218, 60219, 60220, 60221, 60222, 60223, 60224, 60225, 60226, 60227, 60228, 60229, 60231, 60232, 60233, 60234, 60235, 60236, 60237, 60238, 60239, 60240, 60241, 60242, 60243, 60244, 60245, 60246, 60247, 60248, 60249, 60250, 60251, 60252, 60253, 60254, 60255, 60256, 60257, 60258, 60259, 60260, 60261, 60262, 60263, 60264, 60265, 60266, 60267, 60268, 60269, 60270, 60271, 60272, 60273, 60274, 60275, 60276, 60277, 60278, 60279, 60280, 60281, 60282, 60283, 60284, 60285, 60286, 60287, 60288, 60289, 60290, 60291, 60292, 60293, 60294, 60295, 60296, 60297, 60298, 60299, 60300, 60301, 60302, 60303, 60304, 60305, 60306, 60307, 60308, 60309, 60310, 60311, 60312, 60313, 60314, 60315, 60316, 60317, 60318, 60319, 60320, 60322, 60323, 60324, 60325, 60326, 60327, 60328, 60330, 60331, 60332, 60333, 60334, 60335, 60337, 60338, 60339, 60340, 60341, 60342, 60343, 60344, 60346, 60347, 60348, 60349, 60350, 60351, 60352, 60354, 60355, 60357, 60358, 60359, 60360, 60361, 60362, 60363, 60364, 60365, 60366, 60367, 60368, 60369, 60370, 60372, 60401, 60402, 60403, 60404, 60405, 60406, 60407, 60408, 60409, 60410, 60411, 60412, 60413, 60414, 60415, 60416, 60417, 60418, 60419, 60420, 60421, 60422, 60423, 60424, 60425, 60426, 60427, 60428, 60429, 60430, 60431, 60432, 60433, 60434, 60435, 60436, 60437, 60438, 60439, 60440, 60441, 60442, 60443, 60444, 60445, 60446, 60447, 60448, 60449, 60450, 60451, 60452, 60453, 60454, 60455, 60456, 60457, 60458, 60459, 60460, 60461, 60462, 60463, 60464, 60465, 60466, 60467, 60468, 60469, 60470, 60471, 60472, 60473, 60474, 60475, 60476, 60477, 60478, 60479, 60480, 60481, 60482, 60483, 60484, 60485, 60486, 60487, 60488, 60489, 60490, 60491, 60492, 60493, 60494, 60495, 60496, 60497, 60498, 60499, 60500, 60501, 60502, 60503, 60504, 60505, 60506, 60507, 60508, 60509, 60510, 60511, 60512, 60513, 60514, 60515, 60516, 60517, 60518, 60519, 60520, 60521, 60522, 60523, 60524, 60525, 60526, 60527, 60528, 60529, 60530, 60531, 60532, 60533, 60534, 60535, 60536, 60537, 60538, 60539, 60540, 60541, 60542, 60543, 60544, 60545, 60546, 60547, 60548, 60549, 60550, 60551, 60552, 60553, 60554, 60555, 60556, 60557, 60558, 60559, 60560, 60561, 60562, 60563, 60564, 60565, 60566, 60567, 60568, 60569, 60570, 60571, 60572, 60573, 60574, 60575, 60576, 60578, 60579, 60580, 60581, 60582, 60583, 60584, 60585, 60586, 60587, 60588, 60589, 60590, 60591, 60592, 60593, 60595, 60596, 60597, 60598, 60600, 60601, 60602, 60603, 60604, 60605, 60606, 60607, 60608, 60609, 60610, 60611, 60612, 60613, 60614, 60615, 60616, 60617, 60618, 60619, 60620, 60621, 60622, 60623, 60624, 60625, 60626, 60627, 60628, 60629, 60630, 60631, 60632, 60633, 60634, 60635, 60636, 60637, 60638, 60639, 60640, 60641, 60642, 60643, 60644, 60645, 60646, 60647, 60648, 60649, 60650, 60651, 60652, 60653, 60654, 60655, 60656, 60657, 60658, 60659, 60660, 60661, 60662, 60663, 60664, 60665, 60666, 60667, 60668, 60669, 60670, 60671, 60672, 60673, 60674, 60675, 60676, 60677, 60678, 60679, 60680, 60681, 60682, 60683, 60684, 60685, 60686, 60687, 60688, 60689, 60690, 60691, 60692, 60693, 60694, 60695, 60696, 60697, 60699, 60700, 60701, 60702, 60703, 60704, 60705, 60706, 60707, 60708, 60709, 60710, 60711, 60712, 60714, 60715, 60717, 60718, 60719, 60720, 60721, 60722, 60723, 60724, 60725, 60726, 60727, 60728, 60729, 60730, 80001, 80002, 80003, 80004, 80005, 80006, 80008, 80009, 80010, 80011, 80012, 80013, 80015, 80016, 80017, 80018, 80020, 80021, 80022, 80023, 80024, 80025, 80027, 80028, 80029, 80030, 80033, 80034, 80035, 80036, 80037, 80038, 80039, 80040, 80041, 80042, 80043, 80044, 80045, 80046, 80047, 80048, 80049, 80050, 80051, 80052, 80053, 80054, 80055, 80056, 80057, 80058, 80059, 80060, 80061, 80062, 80063, 80064, 80065, 80066, 80067, 80068, 80069, 80070, 80071, 80072, 80073, 80074, 80075, 80076, 80077, 80079, 80080, 80081, 80082, 80084, 80085, 80086, 80088, 80090, 80091, 80092, 80094, 80095, 80096, 80097, 80098, 80099, 80100, 80101, 80102, 80103, 80104, 80105, 80106, 80107, 80108, 80109, 80110, 80111, 80112, 80114, 80115, 80116, 80117, 80118, 80119, 80120, 80121, 80122, 80123, 80124, 80125, 80127, 80128, 80129, 80131, 80132, 80133, 80134, 80135, 80136, 80137, 80138, 80139, 80141, 80142, 80143, 80145, 80146, 80147, 80148, 80151, 80152, 80153, 80154, 80155, 80156, 80157, 80158, 80159, 80160, 80161, 80162, 80163, 80164, 80165, 80166, 80167, 80168, 80169, 80170, 80171, 80172, 80173, 80174, 80175, 80176, 80177, 80178, 80179, 80180, 80181, 80182, 80183, 80184, 80185, 80186, 80187, 80188, 80189, 80190, 80191, 80192, 80193, 80195, 80196, 80197, 80198, 80199, 80200, 80201, 80202, 80203, 80204, 80205, 80206, 80207, 80208, 80209, 80210, 80211, 80212, 80213, 80214, 80215, 80216, 80217, 80218, 80219, 80220, 80221, 80222, 80223, 80224, 80226, 80227, 80228, 80229, 80230, 80232, 80233, 80234, 80235, 80236, 80237, 80238, 80239, 80240, 80241, 80242, 80243, 80244, 80245, 80246, 80247, 80248, 80250, 80251, 80252, 80253, 80254, 80255, 80256, 80257, 80258, 80259, 80260, 80261, 80262, 80263, 80264, 80265, 80266, 80267, 80268, 80269, 80270, 80271, 80272, 80276, 80277, 80279, 80280, 80281, 80282, 80283, 80284, 80285, 80286, 80287, 80288, 80289, 80290, 80291, 80292, 80293, 80295, 80296, 80297, 80298, 80300, 80301, 80302, 80303, 80304, 80305, 80306, 80307, 80308, 80309, 80310, 80311, 80312, 80313, 80314, 80315, 80316, 80317, 80318, 80319, 80320, 80321, 80322, 80323, 80324, 80325, 80326, 80327, 80328, 80329, 80330, 80331, 80332, 80333, 80338, 80339, 80340, 80341, 80342, 80343, 80344, 80345, 80346, 80347, 80348, 80350, 80351, 80352, 80353]
2024-02-02 13:53:05.690 [http-nio-8090-exec-23] INFO  com.canpoint.common.filter.XssFilter - [api request-id:671777835 end]>>>>>>> request-ip: 218.12.16.91, request-uri: /paperLayoutTask/prizeDraw/init, request-param:{"secret":["canpoint-good-luck"]}, 耗时：4ms
2024-02-02 13:53:11.298 [http-nio-8090-exec-26] INFO  com.canpoint.common.filter.XssFilter - [api request-id:1768063115 start]
2024-02-02 13:53:11.301 [http-nio-8090-exec-26] INFO  c.c.p.modules.biz.controller.PrizeDrawController - >>>>全品抽奖|四等奖第1轮<<<< [60142, 60537, 60312, 60408, 60115, 60431, 80281, 60075, 80320, 80250, 80272, 80084, 80139, 60276, 60631, 80070, 60015, 60661, 80351, 60318, 60333, 60293, 60351, 60478, 60607]
2024-02-02 13:53:11.308 [http-nio-8090-exec-26] INFO  com.canpoint.common.filter.XssFilter - [api request-id:1768063115 end]>>>>>>> request-ip: 218.12.16.91, request-uri: /paperLayoutTask/prizeDraw/fourthPrize, request-param:{"secret":["canpoint-good-luck"]}, 耗时：9ms
2024-02-02 13:53:19.854 [http-nio-8090-exec-27] INFO  com.canpoint.common.filter.XssFilter - [api request-id:26199763 start]
2024-02-02 13:53:19.856 [http-nio-8090-exec-27] INFO  c.c.p.modules.biz.controller.PrizeDrawController - >>>>全品抽奖|数据初始化<<<< [60001, 60002, 60003, 60004, 60005, 60006, 60007, 60008, 60009, 60010, 60011, 60012, 60013, 60014, 60015, 60016, 60017, 60018, 60020, 60022, 60023, 60024, 60025, 60026, 60027, 60028, 60029, 60030, 60031, 60033, 60034, 60035, 60036, 60037, 60038, 60039, 60040, 60041, 60042, 60043, 60044, 60045, 60046, 60047, 60048, 60049, 60050, 60051, 60052, 60053, 60054, 60056, 60057, 60058, 60059, 60060, 60061, 60062, 60063, 60064, 60065, 60066, 60067, 60068, 60069, 60070, 60071, 60073, 60074, 60075, 60076, 60078, 60079, 60080, 60081, 60082, 60083, 60084, 60085, 60086, 60087, 60088, 60089, 60090, 60091, 60092, 60093, 60094, 60095, 60096, 60097, 60098, 60099, 60100, 60101, 60102, 60103, 60104, 60105, 60106, 60107, 60108, 60109, 60110, 60111, 60112, 60113, 60114, 60115, 60116, 60117, 60118, 60119, 60121, 60122, 60123, 60124, 60125, 60126, 60127, 60128, 60129, 60130, 60131, 60132, 60133, 60134, 60135, 60136, 60137, 60138, 60140, 60142, 60143, 60144, 60145, 60201, 60202, 60205, 60207, 60208, 60209, 60210, 60211, 60212, 60213, 60214, 60215, 60216, 60217, 60218, 60219, 60220, 60221, 60222, 60223, 60224, 60225, 60226, 60227, 60228, 60229, 60231, 60232, 60233, 60234, 60235, 60236, 60237, 60238, 60239, 60240, 60241, 60242, 60243, 60244, 60245, 60246, 60247, 60248, 60249, 60250, 60251, 60252, 60253, 60254, 60255, 60256, 60257, 60258, 60259, 60260, 60261, 60262, 60263, 60264, 60265, 60266, 60267, 60268, 60269, 60270, 60271, 60272, 60273, 60274, 60275, 60276, 60277, 60278, 60279, 60280, 60281, 60282, 60283, 60284, 60285, 60286, 60287, 60288, 60289, 60290, 60291, 60292, 60293, 60294, 60295, 60296, 60297, 60298, 60299, 60300, 60301, 60302, 60303, 60304, 60305, 60306, 60307, 60308, 60309, 60310, 60311, 60312, 60313, 60314, 60315, 60316, 60317, 60318, 60319, 60320, 60322, 60323, 60324, 60325, 60326, 60327, 60328, 60330, 60331, 60332, 60333, 60334, 60335, 60337, 60338, 60339, 60340, 60341, 60342, 60343, 60344, 60346, 60347, 60348, 60349, 60350, 60351, 60352, 60354, 60355, 60357, 60358, 60359, 60360, 60361, 60362, 60363, 60364, 60365, 60366, 60367, 60368, 60369, 60370, 60372, 60401, 60402, 60403, 60404, 60405, 60406, 60407, 60408, 60409, 60410, 60411, 60412, 60413, 60414, 60415, 60416, 60417, 60418, 60419, 60420, 60421, 60422, 60423, 60424, 60425, 60426, 60427, 60428, 60429, 60430, 60431, 60432, 60433, 60434, 60435, 60436, 60437, 60438, 60439, 60440, 60441, 60442, 60443, 60444, 60445, 60446, 60447, 60448, 60449, 60450, 60451, 60452, 60453, 60454, 60455, 60456, 60457, 60458, 60459, 60460, 60461, 60462, 60463, 60464, 60465, 60466, 60467, 60468, 60469, 60470, 60471, 60472, 60473, 60474, 60475, 60476, 60477, 60478, 60479, 60480, 60481, 60482, 60483, 60484, 60485, 60486, 60487, 60488, 60489, 60490, 60491, 60492, 60493, 60494, 60495, 60496, 60497, 60498, 60499, 60500, 60501, 60502, 60503, 60504, 60505, 60506, 60507, 60508, 60509, 60510, 60511, 60512, 60513, 60514, 60515, 60516, 60517, 60518, 60519, 60520, 60521, 60522, 60523, 60524, 60525, 60526, 60527, 60528, 60529, 60530, 60531, 60532, 60533, 60534, 60535, 60536, 60537, 60538, 60539, 60540, 60541, 60542, 60543, 60544, 60545, 60546, 60547, 60548, 60549, 60550, 60551, 60552, 60553, 60554, 60555, 60556, 60557, 60558, 60559, 60560, 60561, 60562, 60563, 60564, 60565, 60566, 60567, 60568, 60569, 60570, 60571, 60572, 60573, 60574, 60575, 60576, 60578, 60579, 60580, 60581, 60582, 60583, 60584, 60585, 60586, 60587, 60588, 60589, 60590, 60591, 60592, 60593, 60595, 60596, 60597, 60598, 60600, 60601, 60602, 60603, 60604, 60605, 60606, 60607, 60608, 60609, 60610, 60611, 60612, 60613, 60614, 60615, 60616, 60617, 60618, 60619, 60620, 60621, 60622, 60623, 60624, 60625, 60626, 60627, 60628, 60629, 60630, 60631, 60632, 60633, 60634, 60635, 60636, 60637, 60638, 60639, 60640, 60641, 60642, 60643, 60644, 60645, 60646, 60647, 60648, 60649, 60650, 60651, 60652, 60653, 60654, 60655, 60656, 60657, 60658, 60659, 60660, 60661, 60662, 60663, 60664, 60665, 60666, 60667, 60668, 60669, 60670, 60671, 60672, 60673, 60674, 60675, 60676, 60677, 60678, 60679, 60680, 60681, 60682, 60683, 60684, 60685, 60686, 60687, 60688, 60689, 60690, 60691, 60692, 60693, 60694, 60695, 60696, 60697, 60699, 60700, 60701, 60702, 60703, 60704, 60705, 60706, 60707, 60708, 60709, 60710, 60711, 60712, 60714, 60715, 60717, 60718, 60719, 60720, 60721, 60722, 60723, 60724, 60725, 60726, 60727, 60728, 60729, 60730, 80001, 80002, 80003, 80004, 80005, 80006, 80008, 80009, 80010, 80011, 80012, 80013, 80015, 80016, 80017, 80018, 80020, 80021, 80022, 80023, 80024, 80025, 80027, 80028, 80029, 80030, 80033, 80034, 80035, 80036, 80037, 80038, 80039, 80040, 80041, 80042, 80043, 80044, 80045, 80046, 80047, 80048, 80049, 80050, 80051, 80052, 80053, 80054, 80055, 80056, 80057, 80058, 80059, 80060, 80061, 80062, 80063, 80064, 80065, 80066, 80067, 80068, 80069, 80070, 80071, 80072, 80073, 80074, 80075, 80076, 80077, 80079, 80080, 80081, 80082, 80084, 80085, 80086, 80088, 80090, 80091, 80092, 80094, 80095, 80096, 80097, 80098, 80099, 80100, 80101, 80102, 80103, 80104, 80105, 80106, 80107, 80108, 80109, 80110, 80111, 80112, 80114, 80115, 80116, 80117, 80118, 80119, 80120, 80121, 80122, 80123, 80124, 80125, 80127, 80128, 80129, 80131, 80132, 80133, 80134, 80135, 80136, 80137, 80138, 80139, 80141, 80142, 80143, 80145, 80146, 80147, 80148, 80151, 80152, 80153, 80154, 80155, 80156, 80157, 80158, 80159, 80160, 80161, 80162, 80163, 80164, 80165, 80166, 80167, 80168, 80169, 80170, 80171, 80172, 80173, 80174, 80175, 80176, 80177, 80178, 80179, 80180, 80181, 80182, 80183, 80184, 80185, 80186, 80187, 80188, 80189, 80190, 80191, 80192, 80193, 80195, 80196, 80197, 80198, 80199, 80200, 80201, 80202, 80203, 80204, 80205, 80206, 80207, 80208, 80209, 80210, 80211, 80212, 80213, 80214, 80215, 80216, 80217, 80218, 80219, 80220, 80221, 80222, 80223, 80224, 80226, 80227, 80228, 80229, 80230, 80232, 80233, 80234, 80235, 80236, 80237, 80238, 80239, 80240, 80241, 80242, 80243, 80244, 80245, 80246, 80247, 80248, 80250, 80251, 80252, 80253, 80254, 80255, 80256, 80257, 80258, 80259, 80260, 80261, 80262, 80263, 80264, 80265, 80266, 80267, 80268, 80269, 80270, 80271, 80272, 80276, 80277, 80279, 80280, 80281, 80282, 80283, 80284, 80285, 80286, 80287, 80288, 80289, 80290, 80291, 80292, 80293, 80295, 80296, 80297, 80298, 80300, 80301, 80302, 80303, 80304, 80305, 80306, 80307, 80308, 80309, 80310, 80311, 80312, 80313, 80314, 80315, 80316, 80317, 80318, 80319, 80320, 80321, 80322, 80323, 80324, 80325, 80326, 80327, 80328, 80329, 80330, 80331, 80332, 80333, 80338, 80339, 80340, 80341, 80342, 80343, 80344, 80345, 80346, 80347, 80348, 80350, 80351, 80352, 80353]
2024-02-02 13:53:19.858 [http-nio-8090-exec-27] INFO  com.canpoint.common.filter.XssFilter - [api request-id:26199763 end]>>>>>>> request-ip: 218.12.16.91, request-uri: /paperLayoutTask/prizeDraw/init, request-param:{"secret":["canpoint-good-luck"]}, 耗时：3ms
2024-02-02 13:53:45.595 [http-nio-8090-exec-29] INFO  com.canpoint.common.filter.XssFilter - [api request-id:499939335 start]
2024-02-02 13:53:45.596 [http-nio-8090-exec-29] INFO  c.c.p.modules.biz.controller.PrizeDrawController - >>>>全品抽奖|四等奖第1轮<<<< [60456, 60459, 60138, 60023, 60679, 60467, 80208, 80222, 60487, 60002, 80136, 60683, 60415, 60025, 60544, 60081, 80313, 80146, 60043, 60620, 60290, 80131, 60532, 80230, 80090]
2024-02-02 13:53:45.598 [http-nio-8090-exec-29] INFO  com.canpoint.common.filter.XssFilter - [api request-id:499939335 end]>>>>>>> request-ip: 218.12.16.91, request-uri: /paperLayoutTask/prizeDraw/fourthPrize, request-param:{"secret":["canpoint-good-luck"]}, 耗时：2ms







2024-02-02 13:53:56.501 [http-nio-8090-exec-1] INFO  com.canpoint.common.filter.XssFilter - [api request-id:1964502257 start]
2024-02-02 13:53:56.503 [http-nio-8090-exec-1] INFO  c.c.p.modules.biz.controller.PrizeDrawController - >>>>全品抽奖|数据初始化<<<< [60001, 60002, 60003, 60004, 60005, 60006, 60007, 60008, 60009, 60010, 60011, 60012, 60013, 60014, 60015, 60016, 60017, 60018, 60020, 60022, 60023, 60024, 60025, 60026, 60027, 60028, 60029, 60030, 60031, 60033, 60034, 60035, 60036, 60037, 60038, 60039, 60040, 60041, 60042, 60043, 60044, 60045, 60046, 60047, 60048, 60049, 60050, 60051, 60052, 60053, 60054, 60056, 60057, 60058, 60059, 60060, 60061, 60062, 60063, 60064, 60065, 60066, 60067, 60068, 60069, 60070, 60071, 60073, 60074, 60075, 60076, 60078, 60079, 60080, 60081, 60082, 60083, 60084, 60085, 60086, 60087, 60088, 60089, 60090, 60091, 60092, 60093, 60094, 60095, 60096, 60097, 60098, 60099, 60100, 60101, 60102, 60103, 60104, 60105, 60106, 60107, 60108, 60109, 60110, 60111, 60112, 60113, 60114, 60115, 60116, 60117, 60118, 60119, 60121, 60122, 60123, 60124, 60125, 60126, 60127, 60128, 60129, 60130, 60131, 60132, 60133, 60134, 60135, 60136, 60137, 60138, 60140, 60142, 60143, 60144, 60145, 60201, 60202, 60205, 60207, 60208, 60209, 60210, 60211, 60212, 60213, 60214, 60215, 60216, 60217, 60218, 60219, 60220, 60221, 60222, 60223, 60224, 60225, 60226, 60227, 60228, 60229, 60231, 60232, 60233, 60234, 60235, 60236, 60237, 60238, 60239, 60240, 60241, 60242, 60243, 60244, 60245, 60246, 60247, 60248, 60249, 60250, 60251, 60252, 60253, 60254, 60255, 60256, 60257, 60258, 60259, 60260, 60261, 60262, 60263, 60264, 60265, 60266, 60267, 60268, 60269, 60270, 60271, 60272, 60273, 60274, 60275, 60276, 60277, 60278, 60279, 60280, 60281, 60282, 60283, 60284, 60285, 60286, 60287, 60288, 60289, 60290, 60291, 60292, 60293, 60294, 60295, 60296, 60297, 60298, 60299, 60300, 60301, 60302, 60303, 60304, 60305, 60306, 60307, 60308, 60309, 60310, 60311, 60312, 60313, 60314, 60315, 60316, 60317, 60318, 60319, 60320, 60322, 60323, 60324, 60325, 60326, 60327, 60328, 60330, 60331, 60332, 60333, 60334, 60335, 60337, 60338, 60339, 60340, 60341, 60342, 60343, 60344, 60346, 60347, 60348, 60349, 60350, 60351, 60352, 60354, 60355, 60357, 60358, 60359, 60360, 60361, 60362, 60363, 60364, 60365, 60366, 60367, 60368, 60369, 60370, 60372, 60401, 60402, 60403, 60404, 60405, 60406, 60407, 60408, 60409, 60410, 60411, 60412, 60413, 60414, 60415, 60416, 60417, 60418, 60419, 60420, 60421, 60422, 60423, 60424, 60425, 60426, 60427, 60428, 60429, 60430, 60431, 60432, 60433, 60434, 60435, 60436, 60437, 60438, 60439, 60440, 60441, 60442, 60443, 60444, 60445, 60446, 60447, 60448, 60449, 60450, 60451, 60452, 60453, 60454, 60455, 60456, 60457, 60458, 60459, 60460, 60461, 60462, 60463, 60464, 60465, 60466, 60467, 60468, 60469, 60470, 60471, 60472, 60473, 60474, 60475, 60476, 60477, 60478, 60479, 60480, 60481, 60482, 60483, 60484, 60485, 60486, 60487, 60488, 60489, 60490, 60491, 60492, 60493, 60494, 60495, 60496, 60497, 60498, 60499, 60500, 60501, 60502, 60503, 60504, 60505, 60506, 60507, 60508, 60509, 60510, 60511, 60512, 60513, 60514, 60515, 60516, 60517, 60518, 60519, 60520, 60521, 60522, 60523, 60524, 60525, 60526, 60527, 60528, 60529, 60530, 60531, 60532, 60533, 60534, 60535, 60536, 60537, 60538, 60539, 60540, 60541, 60542, 60543, 60544, 60545, 60546, 60547, 60548, 60549, 60550, 60551, 60552, 60553, 60554, 60555, 60556, 60557, 60558, 60559, 60560, 60561, 60562, 60563, 60564, 60565, 60566, 60567, 60568, 60569, 60570, 60571, 60572, 60573, 60574, 60575, 60576, 60578, 60579, 60580, 60581, 60582, 60583, 60584, 60585, 60586, 60587, 60588, 60589, 60590, 60591, 60592, 60593, 60595, 60596, 60597, 60598, 60600, 60601, 60602, 60603, 60604, 60605, 60606, 60607, 60608, 60609, 60610, 60611, 60612, 60613, 60614, 60615, 60616, 60617, 60618, 60619, 60620, 60621, 60622, 60623, 60624, 60625, 60626, 60627, 60628, 60629, 60630, 60631, 60632, 60633, 60634, 60635, 60636, 60637, 60638, 60639, 60640, 60641, 60642, 60643, 60644, 60645, 60646, 60647, 60648, 60649, 60650, 60651, 60652, 60653, 60654, 60655, 60656, 60657, 60658, 60659, 60660, 60661, 60662, 60663, 60664, 60665, 60666, 60667, 60668, 60669, 60670, 60671, 60672, 60673, 60674, 60675, 60676, 60677, 60678, 60679, 60680, 60681, 60682, 60683, 60684, 60685, 60686, 60687, 60688, 60689, 60690, 60691, 60692, 60693, 60694, 60695, 60696, 60697, 60699, 60700, 60701, 60702, 60703, 60704, 60705, 60706, 60707, 60708, 60709, 60710, 60711, 60712, 60714, 60715, 60717, 60718, 60719, 60720, 60721, 60722, 60723, 60724, 60725, 60726, 60727, 60728, 60729, 60730, 80001, 80002, 80003, 80004, 80005, 80006, 80008, 80009, 80010, 80011, 80012, 80013, 80015, 80016, 80017, 80018, 80020, 80021, 80022, 80023, 80024, 80025, 80027, 80028, 80029, 80030, 80033, 80034, 80035, 80036, 80037, 80038, 80039, 80040, 80041, 80042, 80043, 80044, 80045, 80046, 80047, 80048, 80049, 80050, 80051, 80052, 80053, 80054, 80055, 80056, 80057, 80058, 80059, 80060, 80061, 80062, 80063, 80064, 80065, 80066, 80067, 80068, 80069, 80070, 80071, 80072, 80073, 80074, 80075, 80076, 80077, 80079, 80080, 80081, 80082, 80084, 80085, 80086, 80088, 80090, 80091, 80092, 80094, 80095, 80096, 80097, 80098, 80099, 80100, 80101, 80102, 80103, 80104, 80105, 80106, 80107, 80108, 80109, 80110, 80111, 80112, 80114, 80115, 80116, 80117, 80118, 80119, 80120, 80121, 80122, 80123, 80124, 80125, 80127, 80128, 80129, 80131, 80132, 80133, 80134, 80135, 80136, 80137, 80138, 80139, 80141, 80142, 80143, 80145, 80146, 80147, 80148, 80151, 80152, 80153, 80154, 80155, 80156, 80157, 80158, 80159, 80160, 80161, 80162, 80163, 80164, 80165, 80166, 80167, 80168, 80169, 80170, 80171, 80172, 80173, 80174, 80175, 80176, 80177, 80178, 80179, 80180, 80181, 80182, 80183, 80184, 80185, 80186, 80187, 80188, 80189, 80190, 80191, 80192, 80193, 80195, 80196, 80197, 80198, 80199, 80200, 80201, 80202, 80203, 80204, 80205, 80206, 80207, 80208, 80209, 80210, 80211, 80212, 80213, 80214, 80215, 80216, 80217, 80218, 80219, 80220, 80221, 80222, 80223, 80224, 80226, 80227, 80228, 80229, 80230, 80232, 80233, 80234, 80235, 80236, 80237, 80238, 80239, 80240, 80241, 80242, 80243, 80244, 80245, 80246, 80247, 80248, 80250, 80251, 80252, 80253, 80254, 80255, 80256, 80257, 80258, 80259, 80260, 80261, 80262, 80263, 80264, 80265, 80266, 80267, 80268, 80269, 80270, 80271, 80272, 80276, 80277, 80279, 80280, 80281, 80282, 80283, 80284, 80285, 80286, 80287, 80288, 80289, 80290, 80291, 80292, 80293, 80295, 80296, 80297, 80298, 80300, 80301, 80302, 80303, 80304, 80305, 80306, 80307, 80308, 80309, 80310, 80311, 80312, 80313, 80314, 80315, 80316, 80317, 80318, 80319, 80320, 80321, 80322, 80323, 80324, 80325, 80326, 80327, 80328, 80329, 80330, 80331, 80332, 80333, 80338, 80339, 80340, 80341, 80342, 80343, 80344, 80345, 80346, 80347, 80348, 80350, 80351, 80352, 80353]
2024-02-02 13:53:56.504 [http-nio-8090-exec-1] INFO  com.canpoint.common.filter.XssFilter - [api request-id:1964502257 end]>>>>>>> request-ip: 218.12.16.91, request-uri: /paperLayoutTask/prizeDraw/init, request-param:{"secret":["canpoint-good-luck"]}, 耗时：3ms














2024-02-02 13:57:35.779 [http-nio-8090-exec-3] INFO  com.canpoint.common.filter.XssFilter - [api request-id:731766817 start]
2024-02-02 13:57:35.780 [http-nio-8090-exec-3] INFO  c.c.p.modules.biz.controller.PrizeDrawController - >>>>全品抽奖|四等奖第1轮<<<< [60667, 60407, 60569, 60631, 80046, 60122, 80352, 60584, 80156, 60497, 60573, 60283, 60219, 60709, 80179, 60706, 80227, 60265, 80257, 60222, 60413, 60605, 60635, 80066, 80020]
2024-02-02 13:57:35.782 [http-nio-8090-exec-3] INFO  com.canpoint.common.filter.XssFilter - [api request-id:731766817 end]>>>>>>> request-ip: 218.12.16.91, request-uri: /paperLayoutTask/prizeDraw/fourthPrize, request-param:{"secret":["canpoint-good-luck"]}, 耗时：2ms








2024-02-02 13:58:03.401 [http-nio-8090-exec-5] INFO  com.canpoint.common.filter.XssFilter - [api request-id:422986278 start]
2024-02-02 13:58:03.403 [http-nio-8090-exec-5] INFO  c.c.p.modules.biz.controller.PrizeDrawController - >>>>全品抽奖|四等奖第2轮<<<< [60479, 60458, 60274, 60683, 60627, 60505, 60690, 60273, 60550, 60267, 60354, 60278, 60492, 80313, 80186, 60035, 60541, 60464, 60126, 80106, 80165, 80162, 80245, 80234, 60328]
2024-02-02 13:58:03.404 [http-nio-8090-exec-5] INFO  com.canpoint.common.filter.XssFilter - [api request-id:422986278 end]>>>>>>> request-ip: 218.12.16.91, request-uri: /paperLayoutTask/prizeDraw/fourthPrize, request-param:{"secret":["canpoint-good-luck"]}, 耗时：2ms






2024-02-02 13:58:26.761 [http-nio-8090-exec-6] INFO  com.canpoint.common.filter.XssFilter - [api request-id:1593083583 start]
2024-02-02 13:58:26.763 [http-nio-8090-exec-6] INFO  c.c.p.modules.biz.controller.PrizeDrawController - >>>>全品抽奖|四等奖第3轮<<<< [80022, 60487, 80039, 60350, 80208, 80101, 60209, 80177, 60652, 60589, 80295, 80266, 60060, 60290, 60565, 60355, 60535, 60044, 60465, 80051, 60430, 60270, 60583, 60205, 60516]
2024-02-02 13:58:26.764 [http-nio-8090-exec-6] INFO  com.canpoint.common.filter.XssFilter - [api request-id:1593083583 end]>>>>>>> request-ip: 218.12.16.91, request-uri: /paperLayoutTask/prizeDraw/fourthPrize, request-param:{"secret":["canpoint-good-luck"]}, 耗时：3ms
2024-02-02 13:58:44.595 [http-nio-8090-exec-9] INFO  com.canpoint.common.filter.XssFilter - [api request-id:1080017360 start]
2024-02-02 13:58:44.597 [http-nio-8090-exec-9] INFO  c.c.p.modules.biz.controller.PrizeDrawController - >>>>全品抽奖|四等奖第4轮<<<< [60086, 60700, 60455, 60080, 60588, 60098, 80252, 80254, 80160, 80141, 60291, 80331, 60489, 60609, 60066, 60402, 60006, 60611, 60625, 80316, 60566, 60117, 80128, 60213, 60472]
2024-02-02 13:58:44.598 [http-nio-8090-exec-9] INFO  com.canpoint.common.filter.XssFilter - [api request-id:1080017360 end]>>>>>>> request-ip: 218.12.16.91, request-uri: /paperLayoutTask/prizeDraw/fourthPrize, request-param:{"secret":["canpoint-good-luck"]}, 耗时：3ms



























